ENSG00000008282	ENSG00000057935	ENSG00000058091	ENSG00000072858	ENSG00000085449	ENSG00000085719	ENSG00000090661	ENSG00000091490	ENSG00000095370	ENSG00000106688	ENSG00000107719	ENSG00000108021	ENSG00000111142	ENSG00000113387	ENSG00000114127	ENSG00000118971	ENSG00000119411	ENSG00000121316	ENSG00000135899	ENSG00000135905	ENSG00000139083	ENSG00000140853	ENSG00000141127	ENSG00000144791	ENSG00000145687	ENSG00000145703	ENSG00000145708	ENSG00000150977	ENSG00000152492	ENSG00000155966	ENSG00000156587	ENSG00000158321	ENSG00000160447	ENSG00000162889	ENSG00000163513	ENSG00000166578	ENSG00000168310	ENSG00000169714	ENSG00000170054	ENSG00000171467	ENSG00000171643	ENSG00000172936	ENSG00000173273	ENSG00000173821	ENSG00000174004	ENSG00000175895	ENSG00000176927	ENSG00000177272	ENSG00000177463	ENSG00000182158	ENSG00000184588	ENSG00000185404	ENSG00000185697	ENSG00000196549	ENSG00000197442	ENSG00000197629	ENSG00000205581	ENSG00000240184	ENSG00000242419	ENSG00000267534	ENSG00000026025	ENSG00000128335	ENSG00000120915	ENSG00000168214	ENSG00000163214
0.440916962265592	0.495468919416665	0.514069667758978	-0.516225951570288	-0.532847318215872	0.520689832522804	0.518765231441567	0.576041947432427	-0.495382248079192	0.371111048111467	0.47745498157051	0.495007134023574	0.4850038526313	-0.504089876995013	-0.473808081544384	-0.557102683228766	-0.46428527566884	-0.509341061306711	-0.477708994501421	-0.474446529929014	-0.510913865539433	-0.508941577722094	0.454768705344593	-0.558045177424686	0.544808748763535	-0.519950487431548	0.495874540237528	-0.465695348118081	-0.529456636842391	0.48596174813122	-0.517531800683884	0.48629169341089	-0.460273468378966	-0.508795244978746	-0.53465873833912	0.50403894138505	-0.523244079833256	-0.534006860228775	0.520120534040446	0.472235525256786	0.493528378815954	-0.497656515448384	0.504022785760641	-0.487853031816174	-0.529777398582642	0.587387932241	0.450926677045518	-0.462681975669944	-0.483434124096075	-0.499122581630799	-0.463739688895403	-0.452062177426386	0.559353321089644	0.479052632919075	-0.502689670735757	-0.528020119462024	0.473655579902017	0.476262399202939	0.440472441682718	0.485203305686346	0.593399610218422	-0.534167252444466	0.54932251856908	-0.550664576396384	0.563234267027063
0.495468919416665	0.55677025634601	0.577672361436618	-0.580095429046573	-0.598773255657732	0.585111598668588	0.582948878474906	0.647312091978659	-0.556672861694415	0.417026346744663	0.536527564222733	0.556251337072545	0.545010410897731	-0.566457832241782	-0.532429455576876	-0.626029588531032	-0.521728451213773	-0.572358713448995	-0.536813004618922	-0.533146895272574	-0.574126111123234	-0.571909804205455	0.511034453888563	-0.627088691765368	0.612214600798267	-0.584280778934282	0.557226062148475	-0.523312983296944	-0.594963066030251	0.546086820945148	-0.58156284287867	0.546457588334873	-0.517220287561804	-0.571745366607388	-0.600808791706207	0.566400594680544	-0.587981867365736	-0.600076260707026	0.584471864369345	0.530662336524493	0.554589624533666	-0.559228510245762	0.566382440219607	-0.548212101585021	-0.595323513657432	0.660061846045584	0.50671707494281	-0.519926784718857	-0.543246469458216	-0.560875963824009	-0.521115362328069	-0.507993063836082	0.628558684039624	0.538322883194383	-0.564884387031896	-0.593348817146478	0.53225808583967	0.535187430937907	0.494969401022718	0.545234541058545	0.666817312145252	-0.600256497269899	0.617286831715757	-0.618794934144096	0.632919795664922
0.514069667758978	0.577672361436618	0.599359167204462	-0.601873200905452	-0.621252224985838	0.607077686091017	0.604833773692373	0.671613292013582	-0.57757131042368	0.432682227111578	0.556669724123642	0.577133961048522	0.565471031331773	-0.587723625455344	-0.552417765489191	-0.649531807085563	-0.541315027169895	-0.593846035808043	-0.556965880439173	-0.553162139094782	-0.595679784605574	-0.593380273745808	0.530219558944646	-0.650630670861798	0.635198181149474	-0.606215675966779	0.578145278966363	-0.54295904529016	-0.617298994340808	0.566587851648373	-0.603395703955732	0.566972538278316	-0.536637619364984	-0.593209662879834	-0.623364178529529	0.587664239098429	-0.610055709570793	-0.622604147067182	0.606413935075003	0.550584305773457	0.575409864986597	-0.580222902380742	0.587645403088062	-0.568792918948498	-0.617672973786719	0.684841693595076	0.525740098229238	-0.539445723041708	-0.563640868521913	-0.581932204176332	-0.540678921881694	-0.527063989921981	0.652155849153354	0.558532442431714	-0.586091110428498	-0.61562414380056	0.552239962239751	0.555279279949477	0.513551396592508	0.565703575721117	0.691850771414735	-0.62279115001805	0.640460832267167	-0.642025551432995	0.656680684347691
-0.516225951570288	-0.580095429046573	-0.601873200905452	0.604397779811714	0.623858089909394	-0.609624095398596	-0.607370770828251	-0.674430398253953	0.579993954171506	-0.434497128359943	-0.559004695411886	-0.579554770318579	-0.567842920021376	0.5901888534557	0.554734901783182	0.652256291738888	0.543585592626506	0.596336944480024	0.559302093965791	0.55548239769078	0.598178385003198	0.595869228761976	-0.53244358405855	0.65335976473897	-0.637862542890475	0.60875846954172	-0.580570330245998	0.545236506640228	0.619888277295466	-0.56896442488118	0.605926669056096	-0.569350725093103	0.538888565265412	0.595697902262555	0.625978902118597	-0.590129218000564	0.61261461030555	0.625215682676797	-0.608957560254943	-0.552893751554368	-0.577823442473375	0.582656668326919	-0.590110302981871	0.571178741415836	0.620263825411686	-0.687714286844249	-0.527945334083184	0.541708447634556	0.566005080527427	0.584373139850703	0.54294681917167	0.529274778887507	-0.654891340446024	-0.56087522695926	0.588549490785539	0.61820640153406	-0.554556352731582	-0.55760841896935	-0.515705506496668	-0.56807643982657	-0.694752764494286	0.625403470018304	-0.64314726838859	0.644718550825542	-0.659435155225212
-0.532847318215872	-0.598773255657732	-0.621252224985838	0.623858089909394	0.643944980186134	-0.629252681630613	-0.626926804849863	-0.696145608216194	0.598668513509684	-0.44848700247409	-0.577003445708691	-0.59821518888018	-0.586126242163675	0.609191666649389	0.572596173897831	0.673257543107409	0.561087880938085	0.615537712996909	0.577310419857138	0.573367737567827	0.61743844394901	0.615054937837522	-0.549587123630332	0.67439654556753	-0.658400346467797	0.628359184480747	-0.59926344765556	0.562791950836433	0.639847348134283	-0.587283857070665	0.625436206102971	-0.587682595319533	0.556239619386467	0.614878094992875	0.646134077992386	-0.60913011106071	0.632339484693125	0.645346284524165	-0.628564685487235	-0.570695742586945	-0.596428115997728	0.601416961340661	-0.609110587019049	0.589569469840777	0.640234988093066	-0.70985720948166	-0.544944039669234	0.559150295910016	0.584229228186204	0.603188699560059	0.560428540350264	0.546316289740244	-0.675977434722106	-0.578934204353476	0.607499520023049	0.638111319586491	-0.572411875950342	-0.57556221216429	-0.53231011592894	-0.586367280804931	-0.717122310991447	0.64554011821465	-0.663855228773912	0.665477103129788	-0.680667550575823
0.520689832522804	0.585111598668588	0.607077686091017	-0.609624095398596	-0.629252681630613	0.614895603697174	0.612622794301244	0.680262296087461	-0.585009246325504	0.438254288280533	0.56383849038989	0.584566264785866	0.572753140414198	-0.595292302387925	-0.559531775234107	-0.657896446845379	-0.548286056378099	-0.601493556850341	-0.564138460592385	-0.560285734847634	-0.603350920577786	-0.601021796726392	0.537047701240064	-0.659009461737129	0.643378233155311	-0.614022492647501	0.585590606407817	-0.549951246085629	-0.625248541469109	0.573884343089787	-0.611166205170841	0.574273983695879	-0.543548413137646	-0.600848988741789	-0.631391832811725	0.595232151256327	-0.617911978021871	-0.630622013700306	0.614223304927104	0.55767470431124	0.582819965896748	-0.587694985357842	0.595213072676713	-0.576117807141866	-0.62562733700456	0.693661052396192	0.532510554242331	-0.546392679440139	-0.570899408854603	-0.589426299460766	-0.54764175935621	-0.53385149494941	0.66055428120228	0.565725196695857	-0.593638763910106	-0.623552122283156	0.559351682242865	0.562430140141694	0.520164887084869	0.572988679499142	0.700760392787091	-0.630811424866292	0.64870865644413	-0.650293525989052	0.665137387009327
0.518765231441567	0.582948878474906	0.604833773692373	-0.607370770828251	-0.626926804849863	0.612622794301244	0.610358385782664	0.677747874893118	-0.582846904451924	0.436634389783582	0.561754400975297	0.582405560283898	0.570636100202404	-0.593091951742942	-0.557463604526059	-0.655464695476611	-0.546259452686185	-0.599270284803214	-0.562053262412188	-0.5582147773145	-0.601120783245387	-0.59880026842379	0.535062637346125	-0.656573596384316	0.641000144769802	-0.611752910490447	0.583426115680595	-0.54791848743214	-0.622937465001334	0.571763121667306	-0.608907180573437	0.572151322063344	-0.541539320971277	-0.598628099181127	-0.629058049188131	0.593032022945113	-0.615628019344883	-0.628291075522507	0.611952980517165	0.555613397806184	0.580665716156367	-0.585522716314721	0.593013014884746	-0.573988330272358	-0.623314860412851	0.691097106015704	0.530542260789203	-0.544373074147415	-0.568789220502671	-0.58724763104361	-0.545617537148757	-0.531878245040877	0.658112705806698	0.563634133538413	-0.591444525160811	-0.621247316208993	0.557284177203982	0.560351256345188	0.518242226334505	0.570870768675423	0.698170205452125	-0.628479786577002	0.646310865468356	-0.647889876935304	0.66267887129757
0.576041947432427	0.647312091978659	0.671613292013582	-0.674430398253953	-0.696145608216194	0.680262296087461	0.677747874893118	0.752577817593382	-0.647198859033916	0.484843063803583	0.623777538477914	0.646708786186646	0.633639863493557	-0.658575058970554	-0.619012996459964	-0.727834358918634	-0.606571797524495	-0.665435539959296	-0.624109397117788	-0.619847106014125	-0.667490351387942	-0.664913629210235	0.594138745109616	-0.729065693248055	0.71177278144026	-0.679296368662027	0.64784202080328	-0.60841400580677	-0.691715806533204	0.634891319065544	-0.67613644254534	0.635322380552656	-0.601330517460992	-0.664722450812339	-0.698512162612406	0.658508513451856	-0.683599327140603	-0.697660507610879	0.679518528361306	0.616958508962589	0.644776846382842	-0.650170106494208	0.658487406717158	-0.637362212295485	-0.692134870060646	0.767400933381639	0.589119275112096	-0.604477144488384	-0.631589070351636	-0.652085468548877	-0.605859008282163	-0.590602764990428	0.7307747352872	0.625864811758163	-0.656745740506043	-0.68983904891187	0.618813758620249	0.622219473063602	0.575461197485959	0.633900441643375	0.77525497163786	-0.697870054197167	0.717669857242669	-0.719423206899335	0.735845049761344
-0.495382248079192	-0.556672861694415	-0.57757131042368	0.579993954171506	0.598668513509684	-0.585009246325504	-0.582846904451924	-0.647198859033916	0.556575484079863	-0.416953397201681	-0.536433710582757	-0.556154033194409	-0.544915073371202	0.566358742962882	0.532336318810439	0.62592007848992	0.521637186351554	0.572258591941339	0.536719101047458	0.533053633005917	0.574025680448415	0.57180976122455	-0.510945059704837	0.626978996457551	-0.612107507383944	0.584178571924749	-0.557128587763729	0.523221441255856	0.594858990390672	-0.545991295124471	0.581461111311983	-0.546361997656635	0.517129811303185	0.571645352391207	0.600703693486113	-0.566301515414091	0.587879012932578	0.599971290627042	-0.584369623933638	-0.53056950887648	-0.554492611335415	0.559130685576975	-0.566283364128875	0.548116203993465	0.595219374965507	-0.65994638281314	-0.506628435989115	0.519835835018375	0.543151440494258	0.560777850969628	0.521024204712202	0.50790420167633	-0.628448731589145	-0.53822871550303	0.564785572992463	0.593245023884066	-0.532164979050581	-0.535093811724632	-0.494882817064949	-0.545139164325398	-0.666700667193311	0.600151495661511	-0.617178851026732	0.618686689645881	-0.632809080334346
0.371111048111467	0.417026346744663	0.432682227111578	-0.434497128359943	-0.44848700247409	0.438254288280533	0.436634389783582	0.484843063803583	-0.416953397201681	0.312356796895992	0.401864373115093	0.416637671152888	0.408218107925006	-0.424282435478891	-0.398794849810525	-0.468902261360952	-0.390779693280198	-0.428702252996746	-0.402078170752951	-0.399332219132784	-0.430026051074915	-0.428366015599507	0.382769785089524	-0.469695540002558	0.458554700946488	-0.437631996204669	0.417367749731731	-0.391966523248956	-0.445633133319547	0.409024349538234	-0.435596235617536	0.40930205792561	-0.387403034780792	-0.428242850236402	-0.450011638807096	0.424239563987846	-0.44040414750039	-0.449462965951491	0.437775121057321	0.39747126042284	0.415393032270817	-0.418867602866914	0.42422596611972	-0.410616205444599	-0.44590311210423	0.494392753823515	0.379536026193933	-0.389430227521453	-0.406896898600319	-0.420101561648543	-0.390320483731339	-0.380491754307249	0.470796578538451	0.403209084517068	-0.423103909686246	-0.4444240451776	0.398666492207663	0.40086060022753	0.370736903967477	0.408385983599208	0.499452663752237	-0.449597964893169	0.462353851323607	-0.463483434736225	0.474063093637119
0.47745498157051	0.536527564222733	0.556669724123642	-0.559004695411886	-0.577003445708691	0.56383849038989	0.561754400975297	0.623777538477914	-0.536433710582757	0.401864373115093	0.51702084277987	0.536027511479888	0.525195275613408	-0.54586292551285	-0.513071730512071	-0.603268810496905	-0.502759786330009	-0.551549266305643	-0.517295905319137	-0.513763086000304	-0.553252406080737	-0.551116678213429	0.492454594428498	-0.604289407542279	0.589956099134283	-0.563037877061009	0.536966798133251	-0.504286709022676	-0.573331784486204	0.52623255024197	-0.560418757962943	0.526589837511243	-0.498415527570244	-0.550958219130977	-0.578964975056797	0.545807768957767	-0.566604403718042	-0.578259076944913	0.563222015135671	0.51136885922888	0.534426214408499	-0.538896442520454	0.545790274544954	-0.528280561305786	-0.573679127192172	0.636063745249914	0.488294183948252	-0.50102362365781	-0.523495466413495	-0.54048399904926	-0.502168987732653	-0.489523781264343	0.605705954790166	0.518750888707942	-0.544346686604116	-0.571776225417112	0.512906591324702	0.51572943319244	0.47697362434258	0.525411256995099	0.642573600491519	-0.578432760583649	0.594843917167516	-0.596297188985206	0.609908507945539
0.495007134023574	0.556251337072545	0.577133961048522	-0.579554770318579	-0.59821518888018	0.584566264785866	0.582405560283898	0.646708786186646	-0.556154033194409	0.416637671152888	0.536027511479888	0.555732901440599	0.544502451998651	-0.565929883984121	-0.531933222340438	-0.625446118391338	-0.521242191493962	-0.571825265470482	-0.536312685840812	-0.532649993370234	-0.573591015900267	-0.571376774617931	0.510558161154703	-0.626504234523589	0.611644006460244	-0.583736219389571	0.556706718056311	-0.522825246766496	-0.594408550413722	0.545577858813742	-0.581020816496224	0.545948280642004	-0.516738229526585	-0.571212490278481	-0.600248827774711	0.565872699769256	-0.587433858344159	-0.599516979506782	0.583927126729785	0.530167750272829	0.554072737645845	-0.558707299838184	0.565854562228583	-0.547701158656198	-0.594768662097632	0.65944665726765	0.506244806078976	-0.51944220418262	-0.542740154582321	-0.560353217961898	-0.520629674017445	-0.507519605729069	0.627972856740241	0.537821157183964	-0.56435790525172	-0.592795806037147	0.531762012322719	0.534688627221896	0.494508081189198	0.544726373266374	0.666195827158926	-0.599697048086137	0.616711509972933	-0.618218206824363	0.632329903735918
0.4850038526313	0.545010410897731	0.565471031331773	-0.567842920021376	-0.586126242163675	0.572753140414198	0.570636100202404	0.633639863493557	-0.544915073371202	0.408218107925006	0.525195275613408	0.544502451998651	0.533498951499876	-0.554493370268097	-0.52118372533477	-0.612806879301753	-0.510708742667361	-0.560269615774652	-0.525474687068745	-0.521886011598969	-0.561999683287558	-0.559830188185823	0.500240619038412	-0.613843612644364	0.599283685390147	-0.571939868872453	0.545456589379536	-0.512259806992164	-0.582396529610242	0.534552626109018	-0.569279339812973	0.534915562320352	-0.506295798375979	-0.559669223763123	-0.588118784555319	0.55443734165232	-0.575562784615176	-0.587401725739213	0.572126918288785	0.519453930558797	0.542875837388252	-0.54741674268849	0.554419570641562	-0.53663301754805	-0.582749364028312	0.646120323115203	0.49601442978637	-0.508945130144058	-0.531772267220692	-0.549029399509471	-0.510108603163309	-0.497263467828716	0.615282556417451	0.526952674682915	-0.552953158644738	-0.580816376149441	0.521015975190388	0.523883448007864	0.484514884835278	0.533718347686449	0.652733103364904	-0.587578155428246	0.604248782977528	-0.60572503195954	0.619551554647481
-0.504089876995013	-0.566457832241782	-0.587723625455344	0.5901888534557	0.609191666649389	-0.595292302387925	-0.593091951742942	-0.658575058970554	0.566358742962882	-0.424282435478891	-0.54586292551285	-0.565929883984121	-0.554493370268097	0.576313968016007	0.541693511444185	0.636922248623356	0.530806313959687	0.582317522155001	0.54615333245578	0.542423434298643	0.58411567182957	0.581860802073295	-0.519926245432692	0.637999779822992	-0.622866885725728	0.594447026728325	-0.56692156887973	0.532418416256318	0.605315181272857	-0.555588509412319	0.591681799691346	-0.555965728003751	0.526219710094667	0.581693503327937	0.611262620196793	-0.576255734544496	0.598212512592415	0.610517343456313	-0.5946414369722	-0.539895645239379	-0.56423925832326	0.56895885875906	-0.576237264203325	0.557750769070492	0.605681900542075	-0.671546653570029	-0.515533745850139	0.528973299200907	0.552698736965329	0.570634977359176	0.530182557576855	0.51683193643092	-0.639495349364641	-0.547689482304044	0.574713145499747	0.603672845115387	-0.541519159943287	-0.544499474454205	-0.503581667184278	-0.554721400202505	-0.678419662030852	0.610700716062037	-0.628027371397155	0.629561714194061	-0.643932342557566
-0.473808081544384	-0.532429455576876	-0.552417765489191	0.554734901783182	0.572596173897831	-0.559531775234107	-0.557463604526059	-0.619012996459964	0.532336318810439	-0.398794849810525	-0.513071730512071	-0.531933222340438	-0.52118372533477	0.541693511444185	0.509152782381602	0.598660918390458	0.498919602964718	0.547336418788409	0.5133446920667	0.509838857153441	0.549026549629196	0.54690713489363	-0.488693124253069	0.599673719904242	-0.585449892274174	0.558737277155631	-0.532865334527824	0.500434862705646	0.568952557584132	-0.522213077044908	0.556138163431635	-0.522567635280028	0.494608526553019	0.546749886154465	0.574542720678561	-0.541638776186292	0.562276561943461	0.573842214362641	-0.558920008745546	-0.507462917981922	-0.530344156307696	0.534780239891585	-0.541621415399427	0.524245444976093	0.56929724721458	-0.63120535864027	-0.484564491849657	0.497196701462554	0.519496899629542	0.536355670334854	0.498333317009399	0.485784697246808	-0.601079447270896	-0.514788561991066	0.540188853882236	0.567408880197353	-0.508988904561544	-0.51179018497851	-0.473330401022645	-0.52139805700594	-0.637665490259404	0.574014571369776	-0.590300376141044	0.591742547567629	-0.605249900454954
-0.557102683228766	-0.626029588531032	-0.649531807085563	0.652256291738888	0.673257543107409	-0.657896446845379	-0.655464695476611	-0.727834358918634	0.62592007848992	-0.468902261360952	-0.603268810496905	-0.625446118391338	-0.612806879301753	0.636922248623356	0.598660918390458	0.703904422424419	0.586628764585642	0.643557168847663	0.603589758197936	0.59946760386328	0.64554442162592	0.643052417622506	-0.574604489457891	0.705095272608037	-0.688370921869516	0.656962277445194	-0.626542094211274	0.58841040424174	0.668973385651923	-0.614017189176238	0.653906244240915	-0.61443407810625	0.581559808757085	0.6428675248401	0.675546289282949	-0.636857891006365	0.661123762081724	0.674722635226763	-0.657177132917309	-0.596673978893171	-0.623577697431141	0.628793636466111	-0.636837478224646	0.616406843704884	0.669378671094454	-0.74217011626453	-0.569750050963492	0.584602980123152	0.610823512695893	0.630646024724928	0.585939410622359	0.571184766257135	-0.706748124297055	-0.605287457837157	0.635153074990079	0.667158332579356	-0.598468231146758	-0.601761971582086	-0.556541027337378	-0.613058890092115	-0.749765927309585	0.674925292283255	-0.694074112005874	0.695769814554484	-0.711651735589513
-0.46428527566884	-0.521728451213773	-0.541315027169895	0.543585592626506	0.561087880938085	-0.548286056378099	-0.546259452686185	-0.606571797524495	0.521637186351554	-0.390779693280198	-0.502759786330009	-0.521242191493962	-0.510708742667361	0.530806313959687	0.498919602964718	0.586628764585642	0.488892094546014	0.536335807638536	0.503027261781725	0.499591888700189	0.537991969476833	0.535915151682693	-0.478871152158786	0.58762121036346	-0.573683259556951	0.547507526475905	-0.522155569675407	0.490376899921713	0.557517495648068	-0.511717406008315	0.54496065089728	-0.512064838174091	0.48466766406836	0.535761063398733	0.562995305154547	-0.530752678795389	0.550975677141533	0.562308877926598	-0.54768658544493	-0.497263702212475	-0.519685063218178	0.524031988418193	-0.530735666933351	0.513708926503524	0.557855257552784	-0.618519112178745	-0.474825498848472	0.487203820685688	0.509055819536535	0.525575755158655	0.488317592026979	0.476021180014024	-0.588998684795333	-0.504442112165195	0.529331897675652	0.556004843777023	-0.498759018834086	-0.501503997869432	-0.463817195783005	-0.510918766605132	-0.624849405195002	0.562477770825828	-0.578436256238469	0.579849442261323	-0.593085318353615
-0.509341061306711	-0.572358713448995	-0.593846035808043	0.596336944480024	0.615537712996909	-0.601493556850341	-0.599270284803214	-0.665435539959296	0.572258591941339	-0.428702252996746	-0.551549266305643	-0.571825265470482	-0.560269615774652	0.582317522155001	0.547336418788409	0.643557168847663	0.536335807638536	0.588383616270986	0.551842698463822	0.548073945365173	0.59020049755631	0.58792213846365	-0.525342399709647	0.644645924860946	-0.62935538900236	0.600639475819942	-0.572827280905155	0.537964703460835	0.61162084565652	-0.561376163157277	0.597845442973727	-0.561757311294688	0.531701424392577	0.58775309694069	0.61763023999634	-0.582258682056167	0.604444187348339	0.616877199589685	-0.600835911266206	-0.545519823925798	-0.570117028293596	0.574885793556735	-0.582240019306519	0.563560947417735	0.61199138509861	-0.678542261719952	-0.520904142761295	0.534483698073881	0.558456287491733	0.576579372550521	0.535705553486394	0.522215856799544	-0.646157073988047	-0.553394850629037	0.580700023616335	0.609961401022451	-0.547160251040235	-0.550171611960767	-0.508827557393661	-0.560500021133104	-0.685486867401531	0.617062482416967	-0.634569632272651	0.636119958562166	-0.650640288043777
-0.477708994501421	-0.536813004618922	-0.556965880439173	0.559302093965791	0.577310419857138	-0.564138460592385	-0.562053262412188	-0.624109397117788	0.536719101047458	-0.402078170752951	-0.517295905319137	-0.536312685840812	-0.525474687068745	0.54615333245578	0.5133446920667	0.603589758197936	0.503027261781725	0.551842698463822	0.517571114195638	0.514036415366015	0.553546744333821	0.551409880228509	-0.492716587369611	0.604610898215646	-0.590269964281017	0.563337421325675	-0.537252472208211	0.504554996819269	0.573636805257969	-0.526512513542358	0.560716908818504	-0.526869990893607	0.498680691813693	0.551251336843542	0.579272992767126	-0.546098146556615	0.566905845426288	0.578566719107274	-0.563521657364446	-0.511640914831445	-0.534710536856305	0.539183143194037	-0.546080642836522	0.528561614177575	0.573984332755261	-0.636402140328849	-0.488553963491033	0.501290175445964	0.523773973545842	0.540771544325795	0.502436148871001	0.489784214970616	-0.606028199087084	-0.519026871656574	0.544636286886096	0.572080418609034	-0.513179465022903	-0.516003808683195	-0.477227381184508	-0.525690783355644	-0.642915458907258	0.578740495148208	-0.595160382703883	0.596614427683123	-0.610232988061299
-0.474446529929014	-0.533146895272574	-0.553162139094782	0.55548239769078	0.573367737567827	-0.560285734847634	-0.5582147773145	-0.619847106014125	0.533053633005917	-0.399332219132784	-0.513763086000304	-0.532649993370234	-0.521886011598969	0.542423434298643	0.509838857153441	0.59946760386328	0.499591888700189	0.548073945365173	0.514036415366015	0.510525856399444	0.549766353628712	0.547644083017598	-0.489351629981258	0.600481770109992	-0.586238776112512	0.559490166196421	-0.533583361563044	0.501109190228016	0.569719211542707	-0.522916750343146	0.556887550210595	-0.523271786339496	0.495275003185863	0.547486622388414	0.575316907287456	-0.542368625285915	0.563034220110704	0.574615457051111	-0.559673144014066	-0.508146715690034	-0.53105878609786	0.535500847229429	-0.542351241105682	0.52495185685578	0.570064365636607	-0.632055897196471	-0.485217434315438	0.49786666561736	0.520196912924604	0.537078400538603	0.49900481273445	0.486439283918745	-0.601889391670521	-0.51548223088071	0.540916749236051	0.56817345407673	-0.50967475851079	-0.512479813605789	-0.473968205740843	-0.522100632078445	-0.638524733733815	0.574788046306401	-0.59109579592444	0.592539910652657	-0.606065464469783
-0.510913865539433	-0.574126111123234	-0.595679784605574	0.598178385003198	0.61743844394901	-0.603350920577786	-0.601120783245387	-0.667490351387942	0.574025680448415	-0.430026051074915	-0.553252406080737	-0.573591015900267	-0.561999683287558	0.58411567182957	0.549026549629196	0.64554442162592	0.537991969476833	0.59020049755631	0.553546744333821	0.549766353628712	0.592022989224917	0.58973759474262	-0.526964614788423	0.646636539630207	-0.631298787826656	0.602494202213856	-0.574596125478013	0.539625895198426	0.613509481637294	-0.563109647599505	0.599691541618926	-0.56349197269171	0.533343275628139	0.589568031233032	0.61953743250352	-0.584056650037244	0.606310662385453	0.618782066768654	-0.602691244236978	-0.547204345267751	-0.571877503824366	0.576660994651102	-0.584037929658526	0.565301178298044	0.613881165275381	-0.680637545651265	-0.522512652859569	0.536134140746802	0.560180755592741	0.578359803280612	0.537359769150559	0.523828417365271	-0.648152355064276	-0.555103689420088	0.582493178585507	0.611844912771659	-0.548849837889183	-0.551870497650044	-0.510398775967598	-0.562230800119226	-0.687603595716657	0.618967921734405	-0.636529132260801	0.638084245833212	-0.65264941292444
-0.508941577722094	-0.571909804205455	-0.593380273745808	0.595869228761976	0.615054937837522	-0.601021796726392	-0.59880026842379	-0.664913629210235	0.57180976122455	-0.428366015599507	-0.551116678213429	-0.571376774617931	-0.559830188185823	0.581860802073295	0.54690713489363	0.643052417622506	0.535915151682693	0.58792213846365	0.551409880228509	0.547644083017598	0.58973759474262	0.587461022600055	-0.52493036604315	0.644140319708651	-0.628861776439195	0.600168385564137	-0.57237800415736	0.537542769938365	0.611141142553019	-0.560935867687281	0.597376544118423	-0.561316716884677	0.531284403250756	0.587292113658813	0.617145823637665	-0.581802008123606	0.603970113002079	0.616393373851527	-0.60036466694323	-0.545091964812727	-0.569669877236248	0.574434902287599	-0.581783360011423	0.563118938389743	0.611511391375649	-0.678010071178843	-0.52049559008412	0.534064494754443	0.558018282122587	0.576127152982808	0.535285391848027	0.521806275326016	-0.645650283619566	-0.552960815018261	0.580244572162202	0.609482999445454	-0.546731105316376	-0.549740104382845	-0.508428476557613	-0.560060412834009	-0.684949230105424	0.6165785113588	-0.634071930102833	0.635621040448946	-0.650129981425463
0.454768705344593	0.511034453888563	0.530219558944646	-0.53244358405855	-0.549587123630332	0.537047701240064	0.535062637346125	0.594138745109616	-0.510945059704837	0.382769785089524	0.492454594428498	0.510558161154703	0.500240619038412	-0.519926245432692	-0.488693124253069	-0.574604489457891	-0.478871152158786	-0.525342399709647	-0.492716587369611	-0.489351629981258	-0.526964614788423	-0.52493036604315	0.469055611510404	-0.575576592828718	0.561924331653083	-0.53628512905816	0.511452817597269	-0.480325523110831	-0.546089921412185	0.501228607556966	-0.533790457419271	0.501568918319562	-0.474733310879254	-0.524779436144923	-0.551455450900056	0.519873709641644	-0.539682192180344	-0.550783093541064	0.536460517811134	0.487071164908802	0.509032949722974	-0.513290774920192	0.519857046475958	-0.503179307363175	-0.546420760127458	0.605841172695394	0.465092882958321	-0.477217483266053	-0.498621576282518	-0.5148028986913	-0.478308425360219	-0.466264055950787	0.576925832825885	0.494102437214236	-0.518482050624524	-0.544608274741307	0.488535831655148	0.491224546175125	0.454310219808146	0.500446338063496	0.612041712127338	-0.550948524600695	0.566579904984042	-0.567964124582863	0.58092870164364
-0.558045177424686	-0.627088691765368	-0.650630670861798	0.65335976473897	0.67439654556753	-0.659009461737129	-0.656573596384316	-0.729065693248055	0.626978996457551	-0.469695540002558	-0.604289407542279	-0.626504234523589	-0.613843612644364	0.637999779822992	0.599673719904242	0.705095272608037	0.58762121036346	0.644645924860946	0.604610898215646	0.600481770109992	0.646636539630207	0.644140319708651	-0.575576592828718	0.706288137446081	-0.689535492814933	0.658073711929483	-0.627602064491567	0.589405864158757	0.670105140267693	-0.615055970094757	0.655012508594734	-0.615473564308388	0.582543678985742	0.643955114128659	0.676689163794043	-0.637935313327185	0.66224223687516	0.675864116297849	-0.65828893088941	-0.597683418945953	-0.624632652609471	0.629857415856592	-0.637914866011565	0.617449667388931	0.670511111363315	-0.743425703516257	-0.570713941700916	0.585591998722902	0.611856890622043	0.631712937945555	0.586930690166144	0.572151084214671	-0.707943785393617	-0.606311469986171	0.636227613140262	0.668287016527836	-0.599480706676456	-0.602780019390175	-0.557482571336083	-0.614096049781097	-0.751034364989138	0.676067116205139	-0.695248331484252	0.696946902785532	-0.712855692508948
0.544808748763535	0.612214600798267	0.635198181149474	-0.637862542890475	-0.658400346467797	0.643378233155311	0.641000144769802	0.71177278144026	-0.612107507383944	0.458554700946488	0.589956099134283	0.611644006460244	0.599283685390147	-0.622866885725728	-0.585449892274174	-0.688370921869516	-0.573683259556951	-0.62935538900236	-0.590269964281017	-0.586238776112512	-0.631298787826656	-0.628861776439195	0.561924331653083	-0.689535492814933	0.673180208817862	-0.642464678657426	0.612715796694091	-0.575425582652867	-0.654210730202979	0.600467286597223	-0.639476084855376	0.600874975777638	-0.568726163557182	-0.62868096380183	-0.660638585445407	0.622803948328652	-0.646534329201355	-0.659833107480081	0.642674792779026	0.58350679981748	0.609816817117718	-0.614917652753259	0.622783986008594	-0.602804207119995	-0.654607071957353	0.725792182633825	0.557177019098861	-0.571702179351275	-0.597344086979644	-0.616729163198087	-0.573009118000112	-0.558580073629905	0.691151869988646	0.591930199717077	-0.621136753557085	-0.652435731045421	0.585261457180783	0.588482512579265	0.544259487285113	0.599530134900274	0.733220372150551	-0.660031292376151	0.678757543079011	-0.680415825495511	0.695947270213939
-0.519950487431548	-0.584280778934282	-0.606215675966779	0.60875846954172	0.628359184480747	-0.614022492647501	-0.611752910490447	-0.679296368662027	0.584178571924749	-0.437631996204669	-0.563037877061009	-0.583736219389571	-0.571939868872453	0.594447026728325	0.558737277155631	0.656962277445194	0.547507526475905	0.600639475819942	0.563337421325675	0.559490166196421	0.602494202213856	0.600168385564137	-0.53628512905816	0.658073711929483	-0.642464678657426	0.613150621357716	-0.584759106514233	0.54917035172429	0.624360729933189	-0.573069465315132	0.610298389620179	-0.573458552657357	0.54277661037521	0.599995822955432	0.630495298208799	-0.594386961007351	0.617034583920348	0.629726572189555	-0.613351148497176	-0.556882843150532	-0.581992400129267	0.586860497385464	-0.594367909518058	0.575299757996117	0.624738987604057	-0.692676099623829	-0.531754424508793	0.545616838007851	0.570088769488951	0.588589353136979	0.546864144313133	0.533093461168842	-0.659616337853265	-0.564921904368925	0.592795836165676	0.622666719550173	-0.558557439884515	-0.561631526576929	-0.519426287381382	-0.57217507350749	-0.699765359421366	0.629915714404225	-0.647787533098061	0.649370152233153	-0.664192935953478
0.495874540237528	0.557226062148475	0.578145278966363	-0.580570330245998	-0.59926344765556	0.585590606407817	0.583426115680595	0.64784202080328	-0.557128587763729	0.417367749731731	0.536966798133251	0.556706718056311	0.545456589379536	-0.56692156887973	-0.532865334527824	-0.626542094211274	-0.522155569675407	-0.572827280905155	-0.537252472208211	-0.533583361563044	-0.574596125478013	-0.57237800415736	0.511452817597269	-0.627602064491567	0.612715796694091	-0.584759106514233	0.557682241101134	-0.523741398952366	-0.595450138776429	0.546533880641314	-0.582038945391799	0.546904951563647	-0.517643715368043	-0.572213431940731	-0.601300650116943	0.566864284460364	-0.588463224880501	-0.600567519423587	0.584950348383389	0.531096768804919	0.555043645139056	-0.559686328523532	0.566846115137086	-0.548660901164445	-0.595810881487836	0.660602212589924	0.507131904184018	-0.520352428227343	-0.543691203870885	-0.561335130806907	-0.521541978878065	-0.508408937678963	0.629073260190396	0.538763586861583	-0.565346835552442	-0.593834568370899	0.532693824496988	0.535625567734274	0.495374612907615	0.545680903026854	0.667363209122678	-0.60074790353901	0.617792180046552	-0.619301517098742	0.633437942085408
-0.465695348118081	-0.523312983296944	-0.54295904529016	0.545236506640228	0.562791950836433	-0.549951246085629	-0.54791848743214	-0.60841400580677	0.523221441255856	-0.391966523248956	-0.504286709022676	-0.522825246766496	-0.512259806992164	0.532418416256318	0.500434862705646	0.58841040424174	0.490376899921713	0.537964703460835	0.504554996819269	0.501109190228016	0.539625895198426	0.537542769938365	-0.480325523110831	0.589405864158757	-0.575425582652867	0.54917035172429	-0.523741398952366	0.491866214773077	0.559210721993552	-0.513271533726386	0.546615741075713	-0.513620021072136	0.486139639502334	0.537388213675653	0.564705168056632	-0.532364618197628	0.552649035447845	0.56401665609291	-0.549349954510085	-0.49877393284705	-0.521263389364468	0.525623516532723	-0.53234755466917	0.515269102632624	0.559549509708866	-0.620397605435193	-0.476267582819708	0.48868349863525	0.510601863798266	0.52717197181935	0.489800652591424	0.477466895366994	-0.590787522093419	-0.505974144219358	0.53093952204914	0.557693476074751	-0.500273790867843	-0.503027106629581	-0.465225846635254	-0.512470468789855	-0.626747124070365	0.564186061933723	-0.580193014575008	0.581610492559682	-0.594886567092883
-0.529456636842391	-0.594963066030251	-0.617298994340808	0.619888277295466	0.639847348134283	-0.625248541469109	-0.622937465001334	-0.691715806533204	0.594858990390672	-0.445633133319547	-0.573331784486204	-0.594408550413722	-0.582396529610242	0.605315181272857	0.568952557584132	0.668973385651923	0.557517495648068	0.61162084565652	0.573636805257969	0.569719211542707	0.613509481637294	0.611141142553019	-0.546089921412185	0.670105140267693	-0.654210730202979	0.624360729933189	-0.595450138776429	0.559210721993552	0.635775790652387	-0.583546778235806	0.621456351420706	-0.583942979183074	0.552700085166869	0.610965425017103	0.642022515996812	-0.605254017382477	0.628315702196396	0.641239735515514	-0.624564923269709	-0.567064219337858	-0.592632849259209	0.597589948951181	-0.605234617578665	0.585817846905982	0.63616096393161	-0.705340156405218	-0.54147638290954	0.555592240105838	0.580511586951775	0.599350413022105	0.556862350659575	0.542839900905533	-0.671675969708676	-0.575250257083655	0.603633802327711	0.634050809020774	-0.568769432384626	-0.571899721981175	-0.52892285294892	-0.582636034443964	-0.712559027703229	0.641432335778972	-0.659630901312852	0.661242455152924	-0.676336240824658
0.48596174813122	0.546086820945148	0.566587851648373	-0.56896442488118	-0.587283857070665	0.573884343089787	0.571763121667306	0.634891319065544	-0.545991295124471	0.409024349538234	0.52623255024197	0.545577858813742	0.534552626109018	-0.555588509412319	-0.522213077044908	-0.614017189176238	-0.511717406008315	-0.561376163157277	-0.526512513542358	-0.522916750343146	-0.563109647599505	-0.560935867687281	0.501228607556966	-0.615055970094757	0.600467286597223	-0.573069465315132	0.546533880641314	-0.513271533726386	-0.583546778235806	0.535608381753519	-0.570403681640045	0.535972034773517	-0.507295746034666	-0.560774585355568	-0.589280334786493	0.555532370138537	-0.576699536412741	-0.588561859760166	0.573256884159032	0.520479865878277	0.543948031596253	-0.548497905305153	0.555514564029561	-0.537692882020938	-0.583900309511231	0.647396427926662	0.496994071468823	-0.509950310303403	-0.532822531582489	-0.550113747166217	-0.511116081212792	-0.498245576394501	0.616497755820041	0.527993420221349	-0.554045255830067	-0.581963503929921	0.522044995589532	0.524918131742038	0.485471814610804	0.534772455608891	0.654022268593118	-0.588738637902524	0.605442190384307	-0.606921354997295	0.620775185435041
-0.517531800683884	-0.58156284287867	-0.603395703955732	0.605926669056096	0.625436206102971	-0.611166205170841	-0.608907180573437	-0.67613644254534	0.581461111311983	-0.435596235617536	-0.560418757962943	-0.581020816496224	-0.569279339812973	0.591681799691346	0.556138163431635	0.653906244240915	0.54496065089728	0.597845442973727	0.560716908818504	0.556887550210595	0.599691541618926	0.597376544118423	-0.533790457419271	0.655012508594734	-0.639476084855376	0.610298389620179	-0.582038945391799	0.546615741075713	0.621456351420706	-0.570403681640045	0.607459425790399	-0.570790959039937	0.540251741899865	0.597204784230178	0.627562383134952	-0.591622013381906	0.614164284907166	0.626797233047417	-0.610497983954793	-0.554292355815126	-0.579285109070867	0.58413056108948	-0.591603050515637	0.572623599526734	0.621832849526312	-0.689453934161768	-0.529280828636378	0.543078757465007	0.56743685130619	0.585851374612753	0.544320261596229	0.530613636414442	-0.656547958587405	-0.56229402122122	0.590038290076842	0.619770221173516	-0.555959162720988	-0.559018949488844	-0.517010039088427	-0.569513450331651	-0.696510216398677	0.626985495417219	-0.644774178635513	0.646349435800529	-0.661103267435195
0.48629169341089	0.546457588334873	0.566972538278316	-0.569350725093103	-0.587682595319533	0.574273983695879	0.572151322063344	0.635322380552656	-0.546361997656635	0.40930205792561	0.526589837511243	0.545948280642004	0.534915562320352	-0.555965728003751	-0.522567635280028	-0.61443407810625	-0.512064838174091	-0.561757311294688	-0.526869990893607	-0.523271786339496	-0.56349197269171	-0.561316716884677	0.501568918319562	-0.615473564308388	0.600874975777638	-0.573458552657357	0.546904951563647	-0.513620021072136	-0.583942979183074	0.535972034773517	-0.570790959039937	0.536335934696893	-0.507640176100292	-0.56115532504981	-0.589680428550277	0.555909550614029	-0.577091088403322	-0.588961465713039	0.57364609874988	0.520833247344143	0.544317346848124	-0.548870309708298	0.555891732415538	-0.538057950319044	-0.584296750489686	0.647835979797341	0.497331507179629	-0.510296542693911	-0.533184293140623	-0.550487248650351	-0.511463105107179	-0.49858386181857	0.616916328938691	0.528351903038914	-0.554421426624554	-0.582358629908047	0.522399439705211	0.525274526582676	0.485801427248547	0.535135541074165	0.654466319099462	-0.589138363879481	0.605853257291524	-0.607333426188047	0.621196662728179
